0.662283
2.271501
3.122332
2.192388
0.406722
2.280992
2.735359
1.934505
2.594887
2.044527
0.934737
2.542153
0.141068
3.003847
0.397127
1.510579
0.622567
0.125171
2.539580
1.169944
2.627477
0.285257
2.571094
1.524426
1.906301
1.248862
0.218197
0.113243
2.664111
0.324261
2.321601
2.552024
0.968462
3.141328
2.597791
1.634703
1.530083
0.730151
3.011376
0.605784
1.217380
1.005259
2.762452
1.190215
0.712874
1.312971
0.738467
0.202028
2.254540
0.109182
2.913949
2.114811
0.334009
1.190497
0.406562
0.735799
2.636859
0.346370
2.805936
2.368801
1.222345
1.367979
2.344074
1.966000
2.531077
0.145722
0.141641
0.900916
1.970259
0.232979
0.458706
2.476863
2.927187
0.341546
0.190578
0.150475
0.591405
1.300966
3.023722
1.153840
0.109382
2.195466
0.014753
1.906106
1.245745
2.997445
1.888282
0.835574
0.779803
2.022546
3.082605
0.729517
2.021004
0.965942
1.856883
1.169613
0.263947
2.726340
0.738245
1.035531
0.597103
0.873055
2.727255
0.094512
0.034372
0.339985
1.293926
1.744598
2.223643
1.231800
2.820731
2.301949
0.604976
0.761160
2.417917
1.071611
1.550348
0.058668
0.462356
1.210716
2.315104
1.847466
0.946850
2.168360
1.916025
2.150720
0.331631
0.052085
2.271155
1.690196
2.726858
1.620442
2.637365
0.307839
0.622301
1.709884
2.564136
0.587436
1.455841
0.519859
1.841882
0.507189
2.877515
1.215265
1.505473
0.261428
0.172585
2.894383
1.641870
1.685991
1.956524
1.019960
1.355316
1.252233
0.554660
1.553833
0.913034
1.883431
0.579533
2.716916
0.695656
1.687090
2.898899
0.880100
1.090239
1.070167
2.151016
2.848483
1.281948
2.712029
2.140362
1.772365
1.114913
0.082515
2.181500
0.248067
1.460026
2.538693
2.715109
0.449561
1.145286
2.578357
0.755696
0.872459
2.446942
0.851855
1.406666
2.471112
2.051855
2.231194
2.855909
1.549243
1.077894
2.883700
1.093152
0.659316
3.112230
2.824574
0.950847
2.631362
1.330492
0.214172
2.813152
0.426003
0.609129
2.469495
2.822890
2.529736
1.003170
0.458173
2.294577
1.533597
2.126063
1.530998
1.505512
2.887777
1.425902
0.447828
2.347307
3.062875
0.965896
0.682775
1.439039
2.749164
0.007964
2.901194
1.298803
1.197412
1.578402
2.306018
1.227711
1.359880
0.077070
0.569749
2.384240
1.366907
2.773506
2.853523
0.724443
1.708174
0.520088
0.507870
2.516917
2.441177
2.890308
2.186425
2.567491
2.995407
2.112326
0.712223
2.899877
1.101779
2.691746
2.162609
2.868320
1.287534
0.086909
2.398923
0.534639
3.119114
0.764633
2.201849
0.920068
2.671043
0.644099
1.285661
0.108264
1.349682
2.954040
1.243020
0.665775
1.677643
2.014591
1.788850
2.982196
2.965848
2.655665
0.047742
0.163468
2.450666
2.175546
1.789455
2.127040
1.265514
2.602979
1.152005
1.730101
1.327497
0.639263
2.021153
1.738372
1.331171
1.896961
1.372583
0.775061
1.015581
0.958437
1.237854
2.101229
1.218535
0.174152
1.311533
0.619205
1.396680
0.653365
3.076606
1.005982
2.109028
0.486000
1.144536
1.612631
2.995540
1.276503
1.229659
1.967967
2.254730
0.770689
2.790356
1.986247
1.970515
2.967853
1.986953
2.425612
3.043501
2.958870
0.629120
2.177911
0.368328
1.487638
1.691202
1.455940
1.529202
2.585439
1.161522
0.010573
2.988096
2.147433
2.354870
2.306171
1.091913
2.993085
0.973298
0.610000
2.114618
3.002559
0.968172
0.132051
1.072611
2.931043
0.102157
0.647085
0.993912
1.191003
2.517875
1.680178
2.560519
1.115877
2.026975
1.985375
2.463662
0.843117
0.144521
1.707853
2.947410
2.614706
0.297974
1.273155
0.750086
1.230455
2.492880
1.995107
0.648633
1.023406
2.806304
1.001260
1.016414
2.687786
0.984926
1.601269
1.169541
0.095454
0.126549
0.497686
2.229267
1.762284
0.431005
0.406247
0.105652
2.271943
0.510545
0.322691
0.016284
1.499483
1.093434
2.958739
2.142115
2.147868
0.329443
0.380715
1.395330
2.339646
3.045461
2.827467
0.728066
0.069207
0.510285
3.084487
0.256058
1.048574
2.428402
0.604859
1.757289
1.642966
1.658172
0.957683
1.338351
0.568712
3.133003
2.201053
1.749574
2.714071
0.561312
2.238994
2.119178
0.373253
0.123674
0.120596
1.495159
1.661282
0.241874
0.687753
1.417331
1.826964
0.736422
1.313878
2.194217
0.953623
0.832260
3.075401
0.437691
1.575370
2.030330
2.500157
2.544114
2.185868
2.281556
0.610341
0.086336
1.479303
0.253043
2.812776
1.650720
0.183825
1.170876
1.430858
2.408676
0.434840
1.231140
2.888845
2.322539
2.661851
1.387680
2.318868
1.762779
1.712373
1.068981
2.680675
1.708001
1.340437
0.861898
1.110210
2.047620
0.868493
2.865006
2.201830
1.578188
2.804818
1.584571
1.343298
2.368420
0.871423
0.539556
2.011375
2.982421
2.268176
2.027459
2.643708
0.541710
1.818202
1.493820
1.527450
2.887833
0.547380
0.691731
0.160883
2.769367
1.276992
1.829499
2.171893
2.262634
1.317444
2.604003
2.367915
0.160656
2.183519
0.235052
0.208397
0.801847
0.882713
2.970000
0.679244
1.160460
0.119123
1.125564
0.902100
0.564984
1.642802
2.945389
1.109000
0.252128
1.042679
1.579287
0.113306
2.452400
0.836858
0.111836
0.737916
0.596247
2.349667
0.234136
1.316670
2.419415
1.531556
1.836596
0.056765
2.709113
1.686629
2.043129
0.152956
2.758552
0.974182
2.664808
2.448106
2.248275
0.150244
2.976649
3.138826
1.357040
1.257687
0.479931
1.636799
2.519283
1.571104
1.569876
0.031135
0.840753
0.101681
0.768147
2.206345
2.068266
2.040187
1.106926
2.665433
1.945405
0.348647
2.726235
0.494503
1.324417
2.906047
1.788565
2.910677
0.013942
1.677971
0.944890
2.497700
2.242864
0.934511
1.531076
2.817106
1.457873
2.256885
2.104194
0.699007
0.766784
1.751202
1.704632
0.540967
0.536256
2.073528
1.656147
2.950414
2.852736
1.416129
0.121255
0.291412
0.103898
2.499607
0.423261
0.642574
0.562020
2.459366
2.380158
1.964796
2.164697
0.940377
2.983200
1.644137
1.217774
1.029170
1.631053
2.974684
2.971156
2.301701
0.021183
1.490669
1.640887
1.825758
0.000072
2.526032
2.896921
2.101006
3.005832
1.825486
0.532179
2.790954
1.062074
1.486838
2.602447
1.818545
0.815869
1.911642
2.546279
2.896163
2.452198
2.962829
1.882243
1.708389
1.093761
2.686315
0.960669
1.427993
0.733391
1.350030
0.729294
3.033271
1.599726
3.112426
1.826672
2.898548
2.367019
0.029455
1.790297
0.982668
2.845659
1.906320
1.914832
1.943768
0.671761
2.366574
0.877591
2.378410
1.333410
2.269430
0.508276
0.750649
1.225270
0.798503
2.415096
1.791571
2.440864
2.306548
1.734216
0.581951
2.609333
2.334229
1.670999
2.404944
1.280486
1.036995
1.587793
1.343640
1.794038
2.810996
2.854606
1.206702
2.138233
1.854800
3.094493
1.311100
1.772468
1.356221
0.970240
1.509758
1.971197
0.955909
3.049679
1.379887
2.874241
0.145021
0.062566
2.033099
1.993804
1.081471
0.295127
2.333307
1.821041
1.727070
1.457347
1.286439
3.046764
1.450405
2.820285
2.613482
2.682524
2.107763
0.882602
2.929068
1.757938
2.810663
2.544698
3.090239
0.011098
1.513094
0.952188
1.207538
0.704980
1.319324
0.425128
1.525228
1.939820
3.141472
2.907083
2.374678
2.344603
2.992193
3.093359
1.789381
1.771535
1.521037
1.790432
2.311343
0.880657
0.715767
1.076046
2.530886
2.033860
0.712657
0.102275
0.810873
1.415359
2.113738
3.054573
2.123350
2.234230
2.436851
2.608852
0.597538
1.818609
2.465245
0.969729
0.226825
2.534546
1.613797
1.840020
2.778306
1.613447
0.483893
1.239992
2.490814
1.209343
2.861768
2.112982
0.142077
0.848389
2.734483
0.270319
2.902596
2.659475
2.870947
0.321837
1.641964
2.019616
2.638300
1.542875
0.324028
0.359326
2.725181
2.374423
1.223534
1.332731
1.714117
0.234695
2.586133
0.629102
1.983053
0.702672
1.455135
2.238997
0.914294
0.601234
1.958256
2.747021
1.727064
0.699530
3.110427
2.243127
1.764443
0.299839
0.384241
3.100546
0.126354
3.137278
1.830579
2.000453
2.786402
2.190856
1.184879
1.257023
1.984588
0.790032
0.604625
0.039375
1.210276
2.735156
3.050051
0.116912
0.654696
1.193250
0.969707
1.526894
2.590271
0.531920
1.756974
0.340669
0.535466
0.766138
1.781192
0.972492
0.346254
3.123345
1.353305
0.741969
0.199036
0.569861
2.472583
1.541254
2.583751
2.411077
1.871156
0.031309
2.084002
1.918612
1.476851
1.116055
2.225828
1.574358
0.630433
1.611104
2.821698
2.337202
0.359447
0.278468
0.851515
1.503780
2.917862
1.201722
0.363518
0.494504
0.875359
2.866655
0.777629
0.018795
2.116093
1.892290
2.707023
0.858444
0.137607
0.342147
1.550336
2.654928
1.616539
1.518854
2.770390
0.672478
3.050036
0.395821
1.820577
0.279701
1.335001
2.340794
0.864439
2.410673
2.141446
0.028715
0.782462
3.097627
0.243614
1.997159
2.650459
2.517401
1.459630
1.432566
2.105316
2.506263
1.332939
1.723549
1.226677
0.963410
1.179944
1.384623
2.144744
0.744559
0.978199
0.165032
1.904056
3.086733
1.811494
0.316179
0.011531
0.304382
0.929903
2.821851
3.013845
1.577541
1.999361
0.313456
1.944855
2.722838
0.723824
0.936515
1.361481
0.247471
2.927614
1.205430
2.565262
0.439398
0.784564
1.653989
0.779052
0.840205
0.285261
0.725699
0.438256
1.563841
2.662691
0.971262
2.063410
1.742210
0.943443
1.659795
2.990167
2.582800
0.250795
2.378786
0.493116
1.294614
1.836294
0.397958
0.163318
2.614757
2.690994
0.395345
0.686211
0.236812
2.414874
1.846452
2.107152
0.148043
0.722882
3.030243
0.153096
2.501728
3.039994
0.098490
0.855517
2.832373
3.079474
2.474334
2.921384
2.068191
2.813148
2.165557
3.009807
1.848052
1.237324
1.910283
1.697541
0.798237
2.413566
0.986277
2.281565
0.725601
2.862538
0.077457
0.316669
2.306241
1.904252
1.751831
0.107707
1.624880
